2511924204
2218102440
1878252735
1651222380
1682869237
1755407447
1640309871
1810625965
1765324960
1979455831
1664477165
2023614753
1835973152
2367049594
2374779567
2463580815
2188645197
1813887380
1561698900
1732490094
1766576361
1749639777
1690193913
2249469901
1146757747
1858722524
2054763707
2284668911
2178806131
1749022760
2009242403
1969922382
1823713402
1268362342
1834700797
1872739930
1775198840
1944739602
1784529727
1059643891
1497098697
1644190454
1691387140
1804224230
1314377780
1934699717
78887667
1864970741
2068143191
2185839160
1824170341
1972770433
1749888103
1872315465
1659151635
2385360967
2077278281
2288993502
2119824163
1743864307
1949784230
1481830945
1373034824
1787441564
1757415491
1985825807
1403074592
2005471593
2486653864
1817563732
1738265621
1807107260
1820444145
1692394645
1961570707
1659451565
1963419182
1656256581
1651747943
1949278883
1612830461
1708173750
1939249870
1979266330
1225458452
1670774563
1686004761
1212018475
2151866852
1925345031
2397471342
1679930564
1685870694
2176612114
1840833345
1421973777
1579810434
1403914952
2217035934
1690183521
1197631747
1808547397
2163040422
1869796422
1900488313
1873295444
3651105593
2127856123
1910329757
1401610270
1788850665
1975550161
1807622870
1316045020
1768462142
1250023430
1847364082
1922713507
1220017475
1666557274
2376388920
2138696985
2268818090
2096991555
2012576253
2100253983
2085793793
1828330695
1074008244
1652760652
1467978014
1668679412
1725785534
1878778917
1775174675
1893711301
1663435655
2247520201
1644625840
1656796074
1934331175
2265036411
1933885350
1791984467
1868116570
1700688695
1644829624
3542143951
1904132355
2373793783
1653166683
3487404395
1136128787
1575655435
3170516265
2155115714
2148279704
1372584807
1269433973
1234226734
1743654887
1944245950
1721304160
1092012305
3033025994
1862207407
1875486151
1948407280
1980900530
1914104620
2139903905
2101509264
1990779330
1827924501
1652932093
1737336482
1905714280
1925158447
1419751820
1648561402
2039656575
1889756405
1672109504
1978560091
2176771443
2170759277
1853504132
1642501275
1494374720
2034062972
1746604494
1069376722
1899759457
2159569177
1946507800
1759346101
2186021844
1738288055
1427010090
2034862943
1998903265
1725736690
2118919320
1272086304
1680980510
1718497391
1140666881
1073599852
1927147471
2035266332
2100551957
1459566860
2167284762
1743304624
1898281432
2134005394
2235406153
1776798431
1698428712
1657857895
1678367775
1658268455
1881834852
1968323175
1917313063
1745886025
1894333142
1769414073
1630195583
2083839457
2496294974
1272303923
1816945963
1752841895
1364396665
2373278544
2435443530
1642770984
1404547221
1765169355
1320154263
1769082100
2344055361
1765769663
1560021134
1219547004
1646072937
1765781783
1680744787
1590098597
1689029675
1819361455
2876938842
2165780780
2566020420
1277193937
2187591512
2456140757
1969820307
1749094251
1956627224
2141844925
1494723892
1901715941
2935885933
1894287893
1727293653
1806520877
1582157323
1763135451
2277636354
2234294061
1801464031
2151260955
1765215657
1464961672
1915548291
1593303962
2264738530
1927404481
2015773864
1639533283
1740419195
1650580903
1358004804
2988319282
1929316261
1226871303
1917586112
1853273117
1912149981
1952921033
1818804643
2490585081
2322714173
1673682755
1353067163
1808704794
1565004682
1768597862
1401690401
2433843857
1818251720
1727658672
1170155461
1731617780
1401697953
2599429983
1273461645
1904707763
2000346785
2735796975
1762375927
3149441621
3260476842
1862571077
2417407922
1848336154
2845389205
1184553013
1708442080
3800210532
1868472182
2689439051
2153779697
2105522977
1822257022
2132735361
5241076649
5617253493
1424710994
2706243357
2533590703
2797407175
6446088631
1565726780
6453628597
1728263461
1418262195
5811552055
3716524912
3899832155
5503865855
5398016020
1315480340
1353662713
6003480381
6651480753
3307562757
3321571242
1796469287
1796469287
3853630123
1644215471
5348797103
6458872368
3025602310
6673562238
6599310018
6006310915
2706243357
1626189527
1882567637
6348888529
2766996174
5890602038
5907269308
1353662713
1684659033
6082977642
3753990995
1344576190
1794316571
6975174701
5698929130
5092767435
1156117053
3279298971
5948268823
6321023499
6858174242
1891960712
1926013460
5575432502
5909251867
1896905385
6710423316
5244004761
6206423087
3580231810
6589454474
2459909862
3896947908
3620103701
1431492510
1803560485
2077004485
1967099165
3396293092
2646776315
5237616829
1779037891
1215952022
2832879120
5825894539
3956487203
5662192648
3156218587
6182757028
5698929130
5446502677
2304931221
1847317422
6186312580
6783816420
1846086002
3978316333
3104718621
3227398851
2413917804
3456489382
3180683950
3925728417
3223841110
6351102770
6126802211
3200797700
2324417402
2584295085
3355261984
1671685823
5702432561
6538795652
3990259673
1524264517
1694940153
1824799184
5661829179
5567026216
6522634764
1800585417
3947848668
3148494654
2003981861
5949757538
2285141150
1095171200
1604968053
6389396363
5866283314
1767081872
5732021189
6258650171
6730468340
3254125333
2061341313
3926417055
1246131114
2704207423
2405561575
1496964442
3602744927
1633389892
6476602809
2645006320
1805086095
1315480340
3846365170
2564308041
5654875584
2648551197
1657885393
5072161416
1220784167
1282861073
5027820156
5260730871
6061248039
6071874416
3128836635
2369804482
2880429473
3935037044
5690727980
6128696023
3994079854
5274927910
6434431918
2144891321
3810651093
1497193833
2249478101
5640673265
1497019041
6579889966
6140762700
5898856055
1606196382
3828036157
6598453795
1790311223
2128568457
1833509933
1363898634
1483557542
2459018020
2013036655
1506574615
3704125475
2060127212
5695668241
5650304055
1599649462
1955821082
2829246913
1978374045
2738314787
6385924523
6053650145
5123554762
5780030482
5696375387
5300852294
3266124120
5892130868
5873727534
6346633521
2279289873
1241330914
5238898911
6455662133
2334493920
6030442330
5561379956
1908524435
2376241672
5287554075
1363191101
6439285861
6081101438
3929223942
2121783930
1872762823
1896736782
1955826790
2301904082
2535778502
2414387173
6250853348
1773655610
2180593614
1940372125
3106819933
1776319484
1456072894
1973277387
5828547780
5312245826
1668344744
1089362951
1393044157
5237647350
1905646345
2413940191
1460970003
2787336244
3902012549
1980789235
1740385352
3890669100
2145376602
2929408995
5639687728
2629724272
6426533717
2094080765
2756637093
2664572983
2669184774
3750530110
2381067980
2453179267
5575744182
2977107854
5179055612
3551743881
5127425614
2413405363
212744836
2160249363
2617844093
2517689015
1262645694
3746966250
2280733012
1315498364
1247276063
1764990053
2096582472
1191795861
1118754130
3761425820
2510898517
1836267372
1767835824
3814526466
5298561390
5371074512
5171626655
1729280871
1772149275
1280001065
5168595047
2529976101
1672612692
5206319703
1900805847
3672238135
5304792175
1183139574
2573767600
2397878313
1367946270
1247301860
2263402047
3627789823
2017635907
3270779654
2854237682
1042884790
3723221384
1642023255
5151918438
5755234157
3919180548
2233944101
2928480967
5678839737
2476995161
2032373593
1998117391
2792670352
1853648954
5200489867
1772110717
5038325402
1766856714
2393646011
2628376021
2381158012
2723469061
1227493164
2781451754
2464678631
2685481741
1569845872
2770714222
1431225964
2842008
2322565925
1259718430
1787006745
5677532387
1319331571
3313723083
1179105635
2744682352
2139165573
2274641694
5049253441
1315041285
2924632537
1891180237
1591388632
1776726857
2472073494
1771993425
3500768182
2024974610
2332973014
1358179637
1433954490
5665175872
5662714519
2812597241
3810651093
1736465981
1633716794
1404376560
6075461106
2873572240
5721613704
2529762284
5067327092
1373747324
1974677854
1570804500
1750203823
1802622075
1241245112
3776304753
1261283281
1688935815
1988903813
3031570355
2958717740
1784501333
2157306841
2019920657
1337012064
1921380292
2523678961
5073740925
1311674081
1929293945
1918433910
1734387462
1626368534
2424728381
2884396030
2635337905
1917612674
1862735853
1777384631
1274475353
1738646511
1909657753
1915222345
1740786740
1955835110
2918400902
1923391194
2247173113
3910302489
1600936010
3225898277
1239750850
2314314807
2815687482
2127353662
3156858642
1491795387
5547559864
1706776054
1806080425
1615088234
3230342722
2705625503
1708862577
2568769904
2420492790
1793740125
1825359913
1806186114
1919273294
2917627890
1806542732
2538375452
2542147311
2415852691
1771632413
1650669860
1633624220
5174509308
1946973253
2846318942
2027820794
1697611275
1621460412
5231439996
1707385082
6162926207
2316761780
3582616034
1849899835
3826555653
1357469685
1275539371
3842413059
1806704701
5879089824
2486958391
5036926760
5499125275
2402812907
6034424314
5700077902
6184968604
1114286271
2070286093
2234165192
5591068001
1924697295
5591272176
3340011852
3267716007
1267067007
1662721397
1707437535
5875103174
6150904537
1226767305
1834473192
2098743490
2630618281
1789825085
1687445053
1226048993
5051442584
5629331988
1750771101
1955744981
1730066902
2363027943
1787567623
3225874992
1240959563
1891212504
3029483103
2124131721
2070883187
1854285881
2028320427
1423310594
2183570524
2755213985
3206603957
1341556070
1562202700
5167456916
3231847234
2058077524
2130116231
1444225292
1664174323
1796494260
3197269764
1400776392
3218586493
1502583411
1888399833
1721462335
1853692633
3314485975
3686833680
1400137240
1392951763
1257360030
1893458871
2985899834
1984392980
1935391743
1652595727
2196244954
2691199893
1955850254
1686580930
1711846945
2466534114
1500556442
2822805792
2205075871
1739880975
1782818642
1650042843
1577820141
3218896864
1306541104
3195830664
3917974308
2276886594
3480783093
1314753932
2522196261
1832794080
3176445463
3848696574
1746173800
1932099211
3170369382
3801650458
3270583361
3198103521
1669147580
2038092421
1599210692
2842117014
1775959991
2722723393
1706976420
1160115652
1746580461
1594283580
2806217140
3098804797
3870773094
3495528507
1088413295
1657553072
1287708222
1645536727
2236068822
1857122072
1718484663
1813718631
2011779625
3103042815
1823424747
3271121353
2554323210
1605616925
1870745853
2423130987
2518981691
2404130945
1662047260
1794649022
3815617312
1682421105
2378959521
1860293774
2412781220
1748423443
2944931541
2034286422
1434387020
3192549924
2731838925
3225741334
1093804793
3640731854
3610824064
1783541537
2542124847
2366985840
1990921871
2569307504
1985916320
2232287747
1858364854
1737637050
2124051912
1805187662
2106608083
2072475873
1746847784
1058979113
1678381773
1586122120
1829140252
2012766783
3022123622
1646258451
3223299393
1914101557
1886170752
1954195984
1258256457
3556861865
3167441141
2503066912
1900743604
2916500241
2604731473
1396250621
1768223062
1863948211
1750067330
1644150884
1687358481
1730365875
1790795077
1562455045
1793655944
2693342123
2095194782
1756799845
1781255591
1934415295
1750070171
3298843740
1643063885
2025512993
2044263792
2298746564
1093935355
2451887143
2061781331
2726228431
1746531024
1776707585
1884697392
2259588095
2095187580
1808080990
1213875987
2458408463
1401809832
1818227924
1695234324
1195459437
2105021182
1642489001
3508664463
1046469201
1734236715
1666978981
2822682732
1626297211
1682941333
2961293932
1301125800
2020450285
1664679101
1188078483
1130161245
2536093021
1742013781
2963086824
2524362893
1708729084
1154050371
1656481995
1410448443
2712137280
1683021535
1770705303
1924463670
1596779667
1633679513
1918883090
1912312401
2807202165
1265864185
2357270831
1657317953
2217733703
1880416874
1968293241
2826751224
1397491775
2550032885
2610501397
1401170471
2108399937
2609087725
2036070420
1804522700
1496550580
2491194912
2167632561
1783658901
1885570047
1770460982
2367339482
2030383847
1776035004
1230431170
1820080041
1745544653
1816954875
1923204811
1835443201
1768270700
1625959080
2123140294
1682214582
1664431421
1772736917
1493288554
1785192353
2739975031
2156734314
1748355152
1658370487
1851945663
1934218415
1646007755
1863754584
1662967684
1708350954
1983015685
1707690700
1822465393
1494621444
2073499685
1737430424
2190827182
1665630347
1569287201
1038364037
1674563001
1911313045
1495033135
1698959321
1381523403
1033823051
2054958425
1676694397
1567236670
1036422733
1771048793
1956700750
1061276113
2127515405
1730532147
1639056543
1648528165
1262639737
2478062822
1495418557
2014252331
2164484075
1832454441
1269002031
1827933260
1287469391
1344660360
2058128842
1418905931
2720148373
1775323187
1236165547
2104016813
1169374290
1871327592
2020936693
1726406904
1839872160
1270883537
1822704967
1937725874
1646616677
1246140607
1862420467
1765483693
1894084997
1856103237
2150198710
1652574511
2016147135
1793040042
1866205835
2712099627
1729383631
2057626224
2067735165
1221944403
1591428600
1403063275
1789804004
1622094042
1872256361
1776237071
1604481832
1203003525
1411357635
1302512243
1972852661
2076119287
2404720045
2694674721
2655326001
1643829471
1698750873
2419725125
1426131327
1899099217
1615742807
1590806713
1927724631
2004815975
1655721015
2356802582
1656953035
2019287491
1794265313
1575969443
2550789037
1853845161
1606645093
1629644533
1747247753
1679461735
1642397293
2359097254
2667073493
1441343801
1173060772
1437450864
1911988281
1720810022
2645723657
1367213293
1721931660
2671521193
2669847932
1887294847
1707110410
2610350713
2554769647
2617424627
1674387717
1361251563
1628315292
2592823673
1773665455
1671589363
1764448455
2636294161
1890124614
2189649152
1649312605
1702374815
1866752224
1273609757
2703902854
2104463337
1726276573
1881607345
2030126721
1768898725
1736300927
2074761185
1890831383
1658802922
1358418183
1781791082
1904194435
1678095521
2493026994
2106143172
1651799567
1869058767
2121628577
1816247150
1651512893
1858877500
1917650871
1928105324
1773167480
1760550583
1650302314
1946940861
2168620893
1701517347
1648944504
1652431847
1401606973
1834898040
1665335994
1282601555
1568845883
1746828832
1221635737
1763610281
2131978283
1918185435
1062039943
2470301981
1622084584
1646758505
1419044843
2195771794
1420206820
1944728602
2378051277
1820005673
1908859192
2332290183
1868801725
2605375652
1064649941
2479671581
1964415145
1653327462
1489742664
1441639087
1641550843
1578691923
1704738370
1558323025
2447148875
2328232642
1228739035
1768348082
1646143282
2029873647
1793122347
1746769717
2374543501
1679008462
2641628822
1597789285
1749217450
1180754180
2477520911
1117299400
1646191813
1644399384
1665356464
1691507201
1719155845
2235147494
1284708767
1440726382
2512391514
2066327531
1744771907
1640172871
1663429634
2610572764
1759253491
1827125781
2202164327
1962000341
1878154215
1419250581
1691663820
1870490225
1256427153
2536570952
1760982870
2030054001
2040552225
1211847262
1767770253
2311818000
2137755645
1842410692
2200347512
1904893300
1644279265
1878098133
1168798830
1852512990
2512924334
2189272792
1781434904
1406077180
1438314465
1821360640
1926777223
1419241980
1834484300
2239807562
2332404800
1176137651
1966017123
1906330975
1986049290
1745565833
1252579404
1906419945
1194309482
2061170281
2396414032
2211094810
2157058605
1664268760
1682517985
1914982425
1836408801
2184462704
1649604950
2219435084
2354905893
2330334464
1402894160
1851237305
2129679421
1970416931
1403706365
1726776860
1363452600
2092015310
1735679805
1405596341
1744905072
1788741711
1744815003
2143119283
1652168957
1188525407
